Page Rank for nodes numbered 1 through 10
iteration:  0
[3.5473068846132018e-06, 3.5473068846132018e-06, 3.5473068846132018e-06, 3.5473068846132018e-06, 3.5473068846132018e-06, 3.5473068846132018e-06, 3.5473068846132018e-06, 3.5473068846132018e-06, 3.5473068846132018e-06, 3.5473068846132018e-06]
iteration:  1
[0, 0.00020989555395195972, 5.067581263733145e-07, 0, 1.1824356282044004e-06, 3.5473068846132018e-06, 3.5473068846132018e-06, 0, 3.547306884613202e-07, 2.3648712564088013e-06]
iteration:  2
[0, 1.4675097902603373e-05, 5.459715528188687e-07, 0, 8.07997679273007e-07, 4.434133605766502e-06, 2.9388073190218603e-06, 0, 1.4132921079966883e-07, 1.5765808376058675e-06]
iteration:  3
[0, 1.9807421301751835e-05, 4.797181555596879e-07, 0, 3.7137513153332757e-07, 4.434133605766502e-06, 2.5988245914178146e-06, 0, 3.910854510133332e-07, 8.75878243114371e-07]
iteration:  4
[0, 3.9480425852732494e-05, 3.0798961391784534e-07, 0, 1.570738256838965e-07, 4.378706935694421e-06, 1.5127062651599881e-06, 0, 4.6518477134899286e-07, 4.379391215571855e-07]
iteration:  5
[0, 6.001790228492755e-05, 2.3782410977830358e-07, 0, 6.330178339013446e-08, 4.323280265622339e-06, 2.789611594850206e-06, 0, 5.441907946574327e-07, 2.1842889519642339e-07]
iteration:  6
[0, 7.204319960425291e-05, 1.838185007521424e-07, 0, 2.797055292755874e-08, 4.274781929309269e-06, 5.168306307444089e-06, 0, 5.417472594823847e-07, 1.0747897782828533e-07]
iteration:  7
[0, 8.198334832103314e-05, 1.5375279265168208e-07, 0, 1.5310041960587566e-08, 4.233211926755208e-06, 4.98822234352619e-06, 0, 5.428655271589497e-07, 5.104286335568365e-08]
iteration:  8
[0, 9.027158000319721e-05, 1.3482243993918615e-07, 0, 1.0613560638258977e-08, 4.197487705810311e-06, 4.721554594559102e-06, 0, 5.395506359532528e-07, 2.3683494659866267e-08]
iteration:  9
[0, 9.714571274266342e-05, 1.2416236818707753e-07, 0, 8.752362458562764e-09, 4.166526714324735e-06, 4.391063733007411e-06, 0, 5.301536956344417e-07, 1.0827971089300086e-08]
iteration:  10
[0, 0.00010282777380633574, 1.17987378168257e-07, 0, 7.90350655929283e-09, 4.139435846774855e-06, 4.031284194827324e-06, 0, 5.173052050718004e-07, 4.902860902039632e-09]
